001 0
0010 0
00100 10
001001 10
0010011 100
00101 10
001010 100
0010101 100
001011 100
0010110 1000
0010111 1000
0011 0
00110 10
001100 100
0011001 1000
001101 100
0011010 1000
0011011 1000
00111 100
001110 1000
0011100 1000
00111001 1000
001110011 1000
0011101 1000
001111 1000
0011110 10000
00111100 10000
01 0
010 0
0100 0
01001 10
010011 100
0101 0
01010 10
010100 100
0101001 100
01010011 100
010101 100
0101010 100
01010101 1000
0101011 100
01010110 1000
01010111 1000
01011 100
010110 1000
0101100 1000
01011001 1000
0101101 1000
01011010 1000
01011011 1000
010111 1000
0101110 1000
01011100 1000
01011101 10000
0101111 1000
01011110 10000
011 0
0110 0
01100 10
011001 100
01101 100
011010 1000
0110100 1000
01101001 1000
011010011 1000
0110101 1000
01101010 1000
011010101 1000
01101011 1000
011010110 1000
011010111 1000
011011 1000
0110110 1000
01101100 1000
011011001 1000
01101101 1000
011011010 1000
011011011 10000
0110111 1000
01101110 1000
011011100 1000
011011101 10000
01101111 1000
011011110 10000
0111 0
01110 100
011100 1000
0111001 1000
01110011 1000
011101 1000
01111 1000
011110 10000
0111100 10000
01111001 10000
011110011 10000
0111101 10000
01111010 10000
011110101 10000
01111011 10000
011110110 10000
011110111 10000
1 0
10 0
100 0
1001 0
10010 10
100100 10
1001001 10
10010011 100
100101 10
1001010 100
10010101 100
1001011 100
10010110 1000
10010111 1000
10011 100
100110 100
1001100 100
10011001 100
1001101 1000
10011010 1000
10011011 1000
100111 100
1001110 1000
10011100 1000
10011101 1000
1001111 1000
10011110 10000
101 0
1010 0
10100 10
101001 10
1010011 100
10101 100
101010 100
1010100 100
10101001 100
101010011 100
1010101 1000
10101010 1000
101010101 1000
10101011 1000
101010110 1000
101010111 1000
101011 100
1010110 1000
10101100 1000
101011001 1000
10101101 1000
101011010 1000
101011011 1000
1010111 1000
10101110 1000
101011100 1000
101011101 10000
10101111 1000
101011110 10000
1011 0
10110 100
101100 100
1011001 1000
101101 100
1011010 1000
1011011 1000
10111 1000
101110 1000
1011100 1000
10111001 1000
101110011 1000
1011101 10000
101111 1000
1011110 10000
11 0
110 0
1100 0
11001 100
110010 100
1100100 100
11001001 100
110010011 100
1100101 100
11001010 100
110010101 100
11001011 1000
110010110 1000
110010111 1000
110011 100
1100110 100
11001100 100
110011001 100
11001101 1000
110011010 1000
110011011 1000
1100111 100
11001110 1000
110011100 1000
110011101 1000
11001111 1000
110011110 10000
1101 0
11010 100
110100 100
1101001 100
11010011 100
110101 100
1101010 100
11010101 1000
1101011 100
11010110 1000
11010111 1000
11011 1000
110110 1000
1101100 1000
11011001 1000
1101101 1000
11011010 1000
11011011 10000
110111 1000
1101110 1000
11011100 1000
11011101 10000
1101111 1000
11011110 10000
111 0
1110 0
11100 100
111001 100
1110011 100
11101 1000
111010 1000
1110100 1000
11101001 1000
111010011 1000
1110101 1000
11101010 1000
111010101 1000
11101011 1000
111010110 1000
111010111 10000
111011 1000
1110110 1000
11101100 1000
111011001 1000
11101101 1000
111011010 1000
111011011 10000
1110111 1000
11101110 1000
111011100 1000
111011101 10000
11101111 1000
111011110 10000
1111 0
11110 1000
111100 1000
1111001 1000
11110011 1000
111101 1000
1111010 1000
11110101 1000
1111011 1000
11110110 1000
11110111 1000